255.0,0.04248570334619728,0.29756564137180036,0.59091154142828,Normal
255.0,0.046849915853141966,0.32472996468253784,0.43267850852358736,Normal
255.0,0.033796155644291684,0.29125139069116296,0.36096111216863175,Normal
255.0,0.04597121684925583,0.2592031502313902,0.4364397121327394,Normal
255.0,0.028375526179740068,0.18760804615282012,0.3255460527671708,Normal
255.0,0.03529002924440975,0.2482899183711949,0.378995908764343,Normal
255.0,0.05574250430066632,0.3907971756318207,0.4496356778369416,Normal
255.0,0.02554062314058783,0.19830006237482664,0.2963329040378669,Normal
255.0,0.029019339289910757,0.26922329365468234,0.317323066871889,Normal
255.0,0.025131160635273105,0.26045004973451524,0.31902568786977825,Normal
255.0,0.031612382845730355,0.29161857166675464,0.3470695765187501,Normal
255.0,0.015800586544481014,0.16619007347534048,0.21239303059865677,Normal
255.0,0.021719152990296732,0.21633702807808627,0.2737599495866818,Normal
255.0,0.020365167937523118,0.20992752231313547,0.2777080148384092,Normal
255.0,0.02498245647510146,0.2364257424261088,0.2893728745409374,Normal
255.0,0.01822006894575186,0.20046049202147567,0.26088997328732555,Normal
255.0,0.029641886146502695,0.3321058320758101,0.3758784263165009,Normal
255.0,0.02565000187001439,0.24214191616904024,0.28342067394626497,Normal
255.0,0.017875623890467648,0.17766688563335167,0.27623064382748813,Normal
255.0,0.018132089591230322,0.19921858845749105,0.3112168214655906,Normal
255.0,0.018410572497134334,0.2048821660801364,0.2554459888963159,Normal
255.0,0.019945304118365457,0.20785062395309328,0.22831199131895996,Normal
255.0,0.014814226685211129,0.19586975803385953,0.24109252549010995,Normal
255.0,0.021892469187362276,0.2605471599772289,0.3027703915223159,Normal
255.0,0.015940974163351128,0.2216797513526381,0.23696711265370946,Normal
255.0,0.013679700758534601,0.1732187658244461,0.2152901806669448,Normal
255.0,0.012194461367834591,0.18234447228737946,0.1787445355767818,Normal
255.0,0.01497165272409317,0.2025950011956984,0.25115051381676545,Normal
255.0,0.018101391883533227,0.25157091424440137,0.2202169522878326,Normal
255.0,0.013398533034358555,0.17194977372362052,0.22105605657973101,Normal
255.0,0.018012536530799716,0.2284089648217663,0.22223563280879277,Normal
255.0,0.017548007392186735,0.18025770785081724,0.28888102684353056,Normal
253.71031746031747,0.017963306604577574,0.15167967135145083,0.24748264694921687,Normal
255.0,0.03161620270523451,0.27191119551335735,0.3893320800298459,Normal
255.0,0.037618174267574536,0.30774841106327233,0.3950649654715921,Normal
255.0,0.041801223952421154,0.3525699721091513,0.5158884991943948,Normal
255.0,0.02655094117113672,0.2376919383352361,0.3801254074873417,Normal
255.0,0.02976712005576245,0.242338590929137,0.3868218249621076,Normal
