255.0,0.01446124479005983,0.15643852524039084,0.18949283277817433,Distroted
254.53333333333333,0.019122349544177467,0.21678070843011568,0.20941131866563786,Distroted
254.99583333333334,0,0,0,Distroted
225.74583333333334,0,0,0,Distroted
229.33333333333334,0,0,0,Distroted
253.2875,0.009519365650901087,0.11883592974069372,0.19173600590075174,Distroted
233.25416666666666,0.0227610189290514,0.22340533988112363,0.2618059198908227,Distroted
249.19166666666666,0.02332456080078065,0.3041950122881637,0.24391085396469864,Distroted
219.6125,0,0,0,Distroted
241.82916666666668,0.023712115878343112,0.20456654268174754,0.3407040736477668,Distroted
250.89166666666668,0.011757672785547893,0.15106020168007026,0.17962940824463072,Distroted
237.9125,0.01420658745590806,0.16881246265345942,0.20384082796552105,Distroted
254.27916666666667,0.011916457500283101,0.1854584014349212,0.15221749244221094,Distroted
254.975,0,0,0,Distroted
254.97083333333333,0.020084076534682513,0.1765016816335449,0.17644395522427267,Distroted
247.7,0.021524456863899012,0.2236910355164634,0.27684344675921924,Distroted
255.0,0.01627016881707871,0.17794325537543482,0.23481654900319193,Distroted
236.70833333333334,0.016594604281355427,0.21114680515488238,0.21002486127013997,Distroted
231.35,0.013111955257618232,0.15510696374396882,0.1841149087757747,Distroted
249.0125,0.02651682279961696,0.23040925090424078,0.3236473676770505,Distroted
246.15416666666667,0.01976805955375599,0.18497778850114233,0.21430445129746065,Distroted
204.53333333333333,0.015283924722219995,0.1950213398430863,0.23408094774054397,Distroted
252.74583333333334,0.03032804843423153,0.27630223154581846,0.3502979523222772,Distroted
252.17083333333332,0.014888668446829342,0.14661635684937174,0.2075485287982718,Distroted
254.97083333333333,0,0,0,Distroted
254.98333333333332,0.02442814856623035,0.22257561630858852,0.3101055716936875,Distroted
226.5375,0.01020368393056327,0.13155241345484545,0.2478348116018012,Distroted
249.325,0.021612977089668767,0.4865966297948164,0.19209503012345996,Distroted
251.39166666666668,0,0,0,Distroted
254.45416666666668,0,0,0,Distroted
254.77916666666667,0.020715156399833227,0.21543743440649774,0.2956386962066204,Distroted
255.0,0,0,0,Distroted
255.0,0.043203724743928,0.3996093960805703,0.42077149787047774,Distroted
254.975,0.020091804747956438,0.24228354192331747,0.20168246840698328,Distroted
232.60833333333332,0.04279161516862707,0.3319362163953857,0.5401285890550394,Distroted
254.97083333333333,0.010602187347450982,0.13683343671431392,0.10578983230287682,Distroted
231.64166666666668,0.03230106899587707,0.3379599612824181,0.2458887796323803,Distroted
234.19166666666666,0.021760448394895677,0.4126620522086816,0.138935618725657,Distroted
254.30833333333334,0.024552982219241546,0.29360811975633266,0.24299461545768786,Distroted
249.75416666666666,0.009949292692196361,0.12363217869322778,0.11460563214068327,Distroted
246.8125,0.021585665483606083,0.16341196166375288,0.3192198029740028,Distroted
226.9,0,0,0,Distroted
241.47083333333333,0.027642816654626354,0.2905360626243705,0.3269353773620267,Distroted
228.4125,0.01807100809534081,0.16694187018992357,0.2678675136079562,Distroted
236.625,0.036082270706477126,0.346928517789355,0.41415001294002834,Distroted
243.2625,0.01903678790630567,0.1915700469095694,0.2675778294891352,Distroted
242.12083333333334,0.017427856076989483,0.15585135330498195,0.2459177230662263,Distroted
255.0,0,0,0,Distroted
248.70833333333334,0,0,0,Distroted
231.225,0.013273948317438706,0.154019191298697,0.1529571072335063,Distroted
245.64166666666668,0,0,0,Distroted
250.0875,0,0,0,Distroted
241.34583333333333,0,0,0,Distroted
255.0,0.015087933126388045,0.18811568312946425,0.17266964357220993,Distroted
255.0,0.018062145751371817,0.1834644309392723,0.1952569478794023,Distroted
